name: xgboost_native
params:
  device: gpu
  random_state: 42
  objective: multi:softmax
  alpha: 0.8031663663020739
  colsample_bytree: 0.5036186896796232
  gamma: 0.0017247712662168079
  lambda: 0.044143392912895964
  learning_rate: 0.10631757913643672
  max_depth: 3
  min_child_weight: 0.008507934698082748
  subsample: 0.7650010975386191
